photoID,centerPoint/x,centerPoint/y,radius
<<<<<<< HEAD
PHOTO_029e5dee7ddfdac5cdb9ac999c0a9eec4,0.1935,0.6778,0.017
PHOTO_c8f2daddcbbbbaddbdf99d3a9933baafe,0.3835,0.1704,0.0951
PHOTO_7db99c93239daa29e27cd9b4a73bdcd8d,0.8584,0.8799,0.0873
PHOTO_cf7c8ad623f0cdf17b302ad7b97a417cc,0.5902,0.2766,0.0955
PHOTO_8dbcc9182dcaac99baab88cbd8c994b9d,0.1401,0.4971,0.0847
PHOTO_2a6ed9e4cb1d90addd0ff9cd89b9c9c91,0.2246,0.9412,0.0175
PHOTO_79b4d01f1dba7bc68aad3999cdaaabebe,0.8304,0.8151,0.0504
PHOTO_be61ba04b979d20abcb74cd820ae4a3d0,0.4997,0.3203,0.0176
PHOTO_45ccb8dcea9c5aad8d94ce968b9baeb26,0.6689,0.2761,0.0489
PHOTO_8adabda59da6b9dd9949bc0d69ac9a507,0.5972,0.2214,0.0242
PHOTO_cc9dcc7c9dcfdad993db5ad6b9b68aded,0.2536,0.7563,0.0827
PHOTO_476a0be6b339c4cc9cb9fc1b8abb91dab,0.4386,0.2099,0.0695
PHOTO_14c84baf5abacfd8b798b9dac1aac4df5,0.942,0.3851,0.0968
PHOTO_5c8de2b29cdcbbb6cf34597d7bafb653a,0.2907,0.2783,0.0765
PHOTO_9cbaa1d8cdc975abd194b8adb83edfd8d,0.2069,0.6275,0.0825
PHOTO_2a8e09dd4483c946c696dcd7fcac9d993,0.7037,0.2323,0.0648
PHOTO_69eecfb994ac09697caeba599dc39bcbc,0.8035,0.68,0.0973
PHOTO_edbbbc39bbcbb8ae1ba4bc6d39d0a2ce9,0.3375,0.6113,0.0229
PHOTO_70c799b949999ebab815cbaab7a8ea76b,0.303,0.6098,0.0398
PHOTO_0aed99596e2b8caf6258c0a91d4a9bb09,0.8475,0.1689,0.0121
PHOTO_5dac92bc9b46454bbb8abaddc6492cafa,0.5561,0.8091,0.0794
PHOTO_d574da2a4de3bbab8abcc9c2b905dbcc3,0.1723,0.8141,0.0857
PHOTO_fcc93fc1490abdc2d88e5a3ac84b7bcb8,0.5027,0.1336,0.0581
PHOTO_ba9babca96abca3cd29adf99fda9c2b2f,0.5699,0.842,0.0648
PHOTO_89bb220a9b85d85a9c4bdb8d1ba0baec7,0.3962,0.4842,0.0242
PHOTO_fad6b9dbba8acd28c62d7a2569c479a9d,0.3834,0.5492,0.0295
PHOTO_9e9f9c62cacc9b3cc9bde826dca29e3cc,0.2715,0.446,0.0603
PHOTO_b2ac9bc9dd993dcc9301dede0b878ebcb,0.1668,0.7385,0.0778
PHOTO_d9adbca9fba9d0b5dc9dc7cc0f575b64d,0.1784,0.5621,0.0304
PHOTO_abcd5cabdd79ababc985c0dbbcf9946aa,0.7071,0.1577,0.015
PHOTO_f499d5d989d430b838c78bcda5b793dab,0.351,0.2193,0.0377
PHOTO_6c6cbbbc2cdccd9dfeb69c981d044ccbb,0.4687,0.9156,0.0906
PHOTO_2bd9baa2db2cb9bcacc4a3dac9b6bcc99,0.4215,0.6533,0.0733
PHOTO_aa9dcacca9c49c454ca9db17ac4aeeada,0.6353,0.6849,0.0771
PHOTO_ffcca93a8673ac3bcca655603930c1a3c,0.3438,0.6672,0.0126
PHOTO_5bc5ab1d9d9b2c99c6ecd8ce9d19883b3,0.2671,0.1559,0.0472
PHOTO_a0bbc9950cbbfcdc89ca66a3949aaf92c,0.1341,0.4203,0.0239
PHOTO_8a4a98591d3bac8c6daaadbb89a9ba019,0.5929,0.1236,0.0292
PHOTO_55743bdccdc3b0cb8d8dbadac25b8298d,0.675,0.4975,0.0914
PHOTO_59cbcc8ba184cca1c9b4b5b7428a4779d,0.4641,0.8173,0.0584
PHOTO_fb7820c4ac98adaeb0a411859bc7c1b2a,0.7065,0.2109,0.054
PHOTO_ec94bba9de59ed4b9c3dced705fc69b9b,0.1142,0.8068,0.0256
PHOTO_cd9dbeabad9c8abbcb739a6a630a7b9df,0.6574,0.5843,0.098
PHOTO_d5bddcdb08b5c178cdc8dbcbaeb1a4c94,0.9975,0.3874,0.032
PHOTO_5dceadeb698c9ccb4ac38bbbcebc2099a,0.7868,0.7986,0.0295
PHOTO_54dcfaa56abcfac86bed5a8d63bd2ca9c,0.759,0.4866,0.0998
PHOTO_7d8cc94d20c9fca50dccc9fe8bac6decc,0.1681,0.5243,0.037
PHOTO_20a933a228c7b1c9cadd48ac31cab902e,0.223,0.8544,0.0506
PHOTO_fdbb72c5bd506cbcad99adfd9bacfcd5b,0.2191,0.1108,0.0375
PHOTO_87b91b89adc9a7dcb9fcb6ce8af4b9cbb,0.1552,0.4207,0.0251
PHOTO_fd74386268d2a5bbb0c7c3d4bbc9aec9b,0.8204,0.6953,0.0679
PHOTO_0bb93d820a8f8a91caa1ed9cb49be9b8d,0.647,0.4521,0.0788
PHOTO_8aab391c2d331b98bb6890dbf8186e999,0.223,0.6424,0.0881
PHOTO_7dcadd58153a9a9ce9bddcdd5de6ddab1,0.4092,0.1962,0.0554
PHOTO_9964b9c65dacfddba2c9242957ebc99b1,0.8269,0.2785,0.0172
PHOTO_7af596db969db48df4bcd5bf617fb9dd9,0.9208,0.568,0.086
PHOTO_6b787d5d2e59f78d2da6b9a0f3d5c9be9,0.2679,0.3892,0.0156
PHOTO_3dabb8c310fdeacdbc67ba81ccdb4cddd,0.9902,0.3338,0.018
PHOTO_6bc9b07b95bbb0d8c8bdb9bbfa84d739d,0.6694,0.1937,0.0585
PHOTO_cc9cb9c8bab19523229da87ca94a916bb,0.5076,0.883,0.0117
PHOTO_d871c1bbbc5ace9c9ddc7fa8d9cb80d66,0.116,0.6482,0.0101
PHOTO_75ad569aa9babbc9fce9bde8a7b19c4dc,0.7686,0.5143,0.031
PHOTO_b9ae6ae8cdaddcad6973d3cceacdbb4c0,0.5007,0.8631,0.0572
PHOTO_e5acca7a8ca3ccc8c609b4b0c819abfcb,0.8784,0.2437,0.0177
PHOTO_f6daa5db9a962bc9ea06aecc4648b7da9,0.5456,0.8174,0.0658
PHOTO_d5c3db9fb7a94afabdca2a9aeaadacda4,0.1192,0.8255,0.0507
PHOTO_0dbdb4b8ddbbd1ea4c91de5188bc45cdd,0.8746,0.2407,0.0986
PHOTO_4f999adac0b90acb8ebbd9da98a9d9aad,0.867,0.3737,0.0199
PHOTO_fa9c5db296fdcec9b3a6918abeaddd978,0.4932,0.1069,0.0192
PHOTO_5c96b2b9d2b17a35a9b50721acec9fbbb,0.8872,0.3079,0.0886
PHOTO_5acd9c9ba19973b1877029829968abb8d,0.9703,0.593,0.0909
PHOTO_09b0698bddfaaca593995cdc89cb9dab8,0.518,0.5356,0.0554
PHOTO_7cb4528cccda39ef8d73ace9b97b33ccc,0.2295,0.5073,0.0305
PHOTO_ed7c3903cb557d4a28aaca5dd8bba9bdb,0.1023,0.8607,0.0646
PHOTO_9cbbdbddc2d4dd9a9c8ba8b31d6a28cc8,0.7782,0.1059,0.0886
PHOTO_0f9bded8bceedeaad174c721bc9abb0df,0.648,0.322,0.0327
PHOTO_8790daedcbbd86ddcdc98dd9a056c8bab,0.3753,0.6975,0.0631
PHOTO_68c1cdaa20a7c1baec9408a9c89a7b43c,0.8915,0.8269,0.0544
PHOTO_3aca79c38d9897962cda88dcc6b3bad50,0.5088,0.3616,0.0296
PHOTO_163adbcacbead19c3a4bbcbb20a4bc43b,0.4329,0.1431,0.0116
PHOTO_8a80db42d91dabdddb2bdca991c18a133,0.685,0.3504,0.0505
PHOTO_99b35ec9c90d89d9f06e9cbba436baf85,0.1842,0.2268,0.0412
PHOTO_5cbee0a8a9081a78261dc99bcdd1b98ba,0.6346,0.605,0.0823
PHOTO_2cc6ac98ac0319b299db56b47dc2cd5cd,0.9795,0.3111,0.074
PHOTO_cb8d8abcbeabd18a89edccad5a8f9ca4a,0.5705,0.8815,0.0767
PHOTO_73aaf4e04ab9cab2ddd9dcacccadc79ec,0.8818,0.9774,0.0813
PHOTO_2ddddc07b09cbdd9b87d82b50d9d2bdab,0.8606,0.4618,0.0823
PHOTO_7babc63299abd8e5ad95398aac68590ce,0.3473,0.4236,0.0851
PHOTO_6dbc7725bd9b0b9ed8fda4bddfd8bc24a,0.2972,0.732,0.0767
PHOTO_462d7a83b9bda909aad89d9a3a9c9b58a,0.726,0.217,0.0122
PHOTO_ddbc68e7929a9f1a36c906aeca9f88de8,0.6425,0.4692,0.0169
PHOTO_7bc1c02b9cd9ab5c8d796a496cacab9ab,0.4197,0.1695,0.0454
PHOTO_62ddaffc7cfc2989cc8c6bc8bba5bdaa4,0.1774,0.7228,0.0775
PHOTO_5a9fc1cdead9dccd93d995bcd7aad9afd,0.2722,0.3189,0.0864
PHOTO_6deb51c8a8b3cdac819caddaaa5aca8b9,0.8242,0.6607,0.0427
PHOTO_08db5b6730a3953c4ea0eaeb9bcd5ad0d,0.1161,0.4593,0.0504
PHOTO_3b7461b0c2b9fc0d9dd9bad49f7bacc30,0.9943,0.8653,0.0573
PHOTO_aab71c2e2c9f0a981c8ad7f169b3aaada,0.6411,0.5825,0.036
PHOTO_0a4c9eacbc99e9e9d2ccd51d9c37abc39,0.8163,0.1588,0.0339
PHOTO_46d9a0d8d7dcc3ecd9fb899c5c89192db,0.7012,0.1684,0.0845
PHOTO_ebab9a9d44a9bb31ea5cc4a49adc4a798,0.2123,0.5088,0.0557
PHOTO_9cac121abefb4a5d0bad9db1077d21769,0.88,0.3832,0.0974
PHOTO_5086372dadb6b715a80cec8b2ab96c0b1,0.3112,0.1856,0.0267
PHOTO_cbbdb8d6bca4ca2f1aca7cfb5cccb9272,0.852,0.1008,0.0847
PHOTO_0fc9098900cb9739ddad95cda886e87cb,0.1182,0.3388,0.0332
PHOTO_6bbab8b83a8cb5bddd9cd9b9daabcc39b,0.784,0.9253,0.0647
PHOTO_29a39ec6a96c88a59aacb1ca8aa99c9ca,0.1099,0.8713,0.0939
PHOTO_3abd8a8a95fc9bd8b7a9f49b80bb2ab6d,0.484,0.8283,0.0573
PHOTO_6cccdb0a725909c985c9da3a9a8db7d79,0.9126,0.8964,0.0131
PHOTO_5f9ca38ad9dbb0df4c38fafbd08e2bc7d,0.2981,0.5336,0.0188
PHOTO_fed4cd6180358cbbba0d68d5adafbd892,0.9058,0.7668,0.0274
PHOTO_c964dbd8d92bb5a0d5d98bfec0cc9d0bf,0.3128,0.4394,0.0153
PHOTO_c859c0bbdc989cba6dc5ea9c0a9c4df48,0.6847,0.2991,0.0545
PHOTO_5cf3bccbdaacd99ca0ea092a59d5994ca,0.329,0.9546,0.0867
PHOTO_c643df9b3f96d3c26bc9c9abedd7cbd89,0.9063,0.3238,0.0368
PHOTO_0c3a9ccd5faaacd19dd67aaaa5279d0b8,0.5894,0.4043,0.0429
PHOTO_bc9ceac3e88a9cc9ba18c8209dcaaecd6,0.3966,0.732,0.0144
PHOTO_8b8950edd3c068999f12458d89aeaba00,0.9624,0.6309,0.0627
PHOTO_fdad5dd79eba4bb94ad4b275cbcab0d9d,0.7598,0.2049,0.0519
PHOTO_6bccabb9a4641b93fcb16a3ea4d95194f,0.1151,0.7705,0.0743
PHOTO_bdfdda2a1ca0a8ad9a414afd1abacd9a0,0.6449,0.9712,0.0453
PHOTO_a06d0dbdeb6c0dd8d099fc9d9869dc96b,0.4825,0.5173,0.0444
PHOTO_c56ea09d90ccdf132a3d5ccd1a8fededa,0.9258,0.5483,0.0619
PHOTO_dc57a5bdcd9adfdbfd918c029dd2b2bac,0.6618,0.7449,0.0345
PHOTO_680ddc862a93362db3dcd83ad1e81ccb8,0.3559,0.8549,0.0738
PHOTO_89b9ba9bdadfc15cb49c08d9bb3ae4e1a,0.4752,0.6855,0.0909
PHOTO_69b997c9cbb2cccad1b6dc5a3bbabdbaa,0.1661,0.6736,0.0317
PHOTO_99498dd8ecc9e378d4ddb04cdb9cdc0b9,0.9856,0.513,0.0956
PHOTO_3c81d4dcb72bab097d8ed9ab1b26f7cfb,0.228,0.4658,0.0446
PHOTO_bfcbd9f865a99ae98ad8498b89dad1ca0,0.4765,0.2353,0.0998
PHOTO_11caad69fab3a99bb378da19eb941aa12,0.1111,0.9114,0.0122
PHOTO_fa5c8b56d0bb98dadccc9d9964aba0214,0.9382,0.6159,0.0626
PHOTO_62b29a89511ddebfa9cd9c4c95c59acd9,0.7343,0.5367,0.0129
PHOTO_7a992c5fbb2a6db31abcdb59c5c920f51,0.6779,0.7568,0.0996
PHOTO_d5aa19dddb8d90b6cc66853c4890283a9,0.3973,0.7232,0.0915
PHOTO_eabfadb2bd3adbdd61b71b93cdaabada5,0.999,0.1491,0.0241
PHOTO_6bbdd6d6b2ae80ce9e956c8bbadabc9dc,0.988,0.8417,0.0991
PHOTO_6214ac62da6d684ca95b8ebbdcacd992a,0.6608,0.2722,0.0391
PHOTO_3d9ea188d60ddbcb649f99cb91aab9bac,0.6462,0.6699,0.0323
PHOTO_f1aae0ee09d6c1a4fa10ad842ddc4ad90,0.3889,0.2448,0.0653
PHOTO_6de3dccaddd93ba30fe99dc5223ba6b95,0.2023,0.2525,0.0317
PHOTO_20f298edb7cc913d8abb4d54d88a1aa04,0.7522,0.6766,0.0785
PHOTO_4cad9ccb89d9568b8bf41c4aaafd6025d,0.9307,0.287,0.0979
PHOTO_691ecd408cdaa92dab9b5b9afc8d99b7e,0.3652,0.4852,0.0825
PHOTO_f8cccefc3a899900dcdb911eacc76685d,0.4609,0.7301,0.0561
PHOTO_4593ae7acddaafafc486cb10bbab1cdc9,0.3336,0.3205,0.0686
PHOTO_3bbccdb9bd947d87e9cc8bb18dfa2bd9a,0.2052,0.2366,0.0435
PHOTO_2a7dd0a9cc6bc7c3ba9d90dd8c8b8d999,0.8362,0.7427,0.0646
PHOTO_59dca9bbd9bbcc7a8ebb952d7cb3dd66a,0.1764,0.5978,0.0626
PHOTO_f09900dacdcaaffc165a28a138b5da5dd,0.7397,0.6525,0.0411
PHOTO_19b9d4a81bfa96cfba85b9cbdcb82a99a,0.5144,0.908,0.0783
PHOTO_98dd402c2989a999ddc58ccaa89b94666,0.411,0.405,0.0895
PHOTO_c423dac6ad5d26d9bdc2ba9bdb3dba988,0.8515,0.1671,0.0692
PHOTO_0bddca3dab8ada1dc67aa659a8dae21d1,0.5869,0.9152,0.0768
PHOTO_bba7ab4bfd7abb4be6b839bacedd09cf8,0.4502,0.2538,0.0596
PHOTO_f0bc6b8f09b23bb429bcbbacb31fada9d,0.1926,0.8418,0.0591
PHOTO_cbcc9bcd5d69bdc65fddc9911db8b4da3,0.7657,0.1241,0.0708
PHOTO_40d75b6d955cc57a58da3afa65c4984b9,0.2286,0.777,0.0262
PHOTO_4dc999cdc92badb449d9599ab95dbc8fc,0.5825,0.2056,0.0931
PHOTO_ea99da59c91ddd6b9ac7c29c9b68981aa,0.1867,0.2395,0.0721
PHOTO_a3b8a5c6eb968db43b185cb91cd2a5cbd,0.7192,0.4262,0.0521
PHOTO_eab2a00d0c98e5aa4d9cdb8aab9ccf7a9,0.503,0.505,0.0186
PHOTO_a09ca1cbbc4cbdc5d1599b4c79b99a94c,0.4592,0.7379,0.0629
PHOTO_29b619990a999a89cb8c8a9bca80863ad,0.5215,0.6503,0.0509
PHOTO_cc751e09a57ca4309d9aa0d8d0cadd8c9,0.822,0.7817,0.0503
PHOTO_a68c720cdb4b8d99aab5dbdada2f90fba,0.4719,0.3879,0.0513
PHOTO_8bbdbe489feb9ab5d7afbd1b2fbbc957b,0.9503,0.865,0.0306
PHOTO_6cd99590d2cdd58bcbdaca9bab1dab999,0.5273,0.2258,0.0702
PHOTO_4b852ed7cd7cb909b9baccaabdba96e7a,0.8343,0.6676,0.0101
PHOTO_9526014aabbddbb1b909e8abd7a9bd9da,0.4703,0.1819,0.0525
PHOTO_ddfb8d99dc59ddd964c6cc8d3dbe99d9f,0.4851,0.8139,0.0672
PHOTO_6915baf9bc7bdccac9ce6c9661d06bbbd,0.777,0.4728,0.0852
PHOTO_f8dd98b8ad53fa1b3b887a69a98da9c9a,0.7463,0.5208,0.0267
PHOTO_bb7bfedb9abca4ac4db9a04bdbdf349cd,0.2018,0.8487,0.0432
PHOTO_da49b7aac689b29ccd03daa8b91d4a8b5,0.7081,0.7403,0.0835
PHOTO_fe1b85fbc3a88b9c9393a76bd2bac9bc8,0.2443,0.8501,0.0977
PHOTO_fb98cc83d7d896ac918bccafb9d2a2dc5,0.4229,0.6419,0.0771
PHOTO_cacb99993cad3c3cdaa919c17aabdbaaa,0.9731,0.7924,0.064
PHOTO_49a9d9c9ad55d59caa9bb78851a1addeb,0.2328,0.3355,0.0274
PHOTO_698dd2da7cccada9c7b3f4bbbcbdbded9,0.4574,0.2014,0.0258
PHOTO_fbb0db5b9897c9a69d9e9b13dc1bc84eb,0.8281,0.1319,0.0231
PHOTO_7ab5a88a07355bb99b02dfd0cd8ca09c2,0.3253,0.2217,0.0715
PHOTO_19bcbf8aa0cfbb789b9df2dd9b55badbb,0.3821,0.7942,0.0236
PHOTO_8bbdb5a9d9bbda9cddbadfeda74b6bdea,0.8364,0.3842,0.0123
PHOTO_fc989a958e44aebcbc1d99b2cd98bd0d5,0.4718,0.7222,0.0336
PHOTO_eecdbf39c8afdd93660c8bd2d1261c25c,0.9953,0.7975,0.0365
PHOTO_1d2bcc20caa5dcdf2adbddbb997c9aa36,0.6124,0.8404,0.0284
PHOTO_f9ac49d794965be7cdd859badaf998957,0.9642,0.1745,0.0179
PHOTO_cf8414c8dbbacacd8d47bd29c2c9ba31f,0.5418,0.6821,0.0139
PHOTO_a3b97fa5ad0a9ad913dc58dadcd43c538,0.5244,0.9927,0.0885
PHOTO_7bbbcbd8a95afcd967db8d8eb7b87da2c,0.1956,0.487,0.0387
PHOTO_7bc982bcb14b79490cdb9386bdab9fc0a,0.3358,0.374,0.0139
PHOTO_b23f9c5c0b4bbdac1c79d599b8ab18c2f,0.6727,0.355,0.0125
PHOTO_0bbcda1489aaaefbdda6b7ba44bb86ddb,0.3473,0.7201,0.0404
PHOTO_e8eb94b4da88ea5099bd55f4cd8da98ec,0.765,0.3498,0.08
PHOTO_db3a9dcabebf49013badbb8cfa9aa79ea,0.8236,0.8859,0.0277
PHOTO_ecc461c7dbbc38a0ccccfc02d72d1cd38,0.2663,0.2622,0.0895
PHOTO_62d9b73c9b9bb0c37bc6f3bb90adddc9a,0.406,0.8561,0.0349
PHOTO_04cc39b5d29c68c9bc9bdfdb2ccaaacd4,0.2731,0.9156,0.0828
PHOTO_0c397ccb429cdc23ccab93caab6accab8,0.5912,0.9189,0.0852
PHOTO_3e4d09ebcc891dca09609cd3d96d1dbc7,0.6828,0.6899,0.0164
PHOTO_e70a02c872afa9dbab29d019b7c8ddbbe,0.6158,0.2839,0.0985
PHOTO_0cec89c0dcacba20216b93d9c502dcda4,0.692,0.5727,0.0622
PHOTO_1caadc794bbc8a4d83abc3db3c826d9a9,0.4898,0.5048,0.0166
PHOTO_79bbd9dddc8acba9bdf8fdadc389bbfb3,0.9637,0.3894,0.0857
PHOTO_404f290a9186cac9baa9d78485aadafa7,0.6463,0.4733,0.029
PHOTO_4be0aa499accd6da2a4afc85bdaabc2da,0.1807,0.7022,0.075
PHOTO_d55a89ccfa00dbcc3bd149cbd94a5cc9b,0.6598,0.1647,0.0985
PHOTO_6a0b9bbbc98aaa892b916ba89189b9a1f,0.9525,0.6479,0.0408
PHOTO_a4acb99ad6ac18ccfacda99b9bae88b92,0.3567,0.7358,0.0971
PHOTO_cafb8999b6f6aeea490dbc399cdd8caea,0.9071,0.4849,0.0884
PHOTO_6bdcc99db589dd9c3adc9e9bcddb1c0cc,0.3991,0.6577,0.047
PHOTO_275bfddc3b80a33d5d9acd98e7735c50e,0.2963,0.7596,0.0762
PHOTO_144cba99ddd2ca7c9cbaa29d6bd4eccaa,0.633,0.7111,0.0493
PHOTO_9c605ac18e873ddad1b923472deb9a4ce,0.2604,0.713,0.0549
PHOTO_8a1bb9b65cacc3a3c9d7c9dda69e9faae,0.5131,0.3486,0.0609
PHOTO_f5a2e5a2a4c9a49d9e4bcaada6c84987a,0.2372,0.7631,0.0307
PHOTO_cbbe3a8bca1c7c8a5aa7ecd2deb7fdbcb,0.6967,0.8302,0.0289
PHOTO_26c9d84ccbabdc3a82a94194ac5eb9dad,0.4601,0.7577,0.0607
PHOTO_fa0ec69dca46d994ca2fd21cba2b9989d,0.8597,0.566,0.0326
PHOTO_949adfdccd5dea336bda2d06874b603ab,0.9474,0.41,0.078
PHOTO_5872dab68becda6bbc840ab0bafb99cba,0.3922,0.5519,0.0591
PHOTO_dabdcdab4c67589dabad4e9bddd9cb5e0,0.6929,0.86,0.0361
PHOTO_3497c92b7c4d1dd990accfb077b70169d,0.3611,0.1625,0.0234
PHOTO_6b1a36becbbc99882d95bcadbd8c9bb92,0.6145,0.7681,0.0197
PHOTO_4998d9a2bcc81bc91cfa9b9ccc9bcb779,0.979,0.1652,0.0228
PHOTO_1bab9da8da6bfcfdd7a3caaa395bba698,0.1531,0.9182,0.0806
PHOTO_7139aa0cadb9dbbcd8e926da1b1aacb99,0.8853,0.4265,0.0481
PHOTO_eddaa1da9dcbc16f89cb4addbd43bdd92,0.6395,0.2006,0.0877
PHOTO_01b0ab1cd4d13cc9cbd8006f96ca9030c,0.8181,0.9981,0.0201
PHOTO_34b5bed5dcd6abbda893087dd0c20a9b0,0.1258,0.9128,0.0506
PHOTO_7acb7971a18d92cfba8d9b8cb7e6acbdc,0.6557,0.5488,0.0707
PHOTO_2adbdad65b989bccde4dcbdc7b0a6aab3,0.1729,0.2707,0.0172
PHOTO_19f7cb089d992bf9cdbb977b9ea46cabe,0.6591,0.5791,0.026
PHOTO_41bbd907c93115abbdeca4aadba909998,0.2538,0.2731,0.0632
PHOTO_abb9ad6ac5fcaa9a9ba59a83aab8f9dc4,0.3132,0.4779,0.0712
PHOTO_692d5ca4db3f9cd07ac967bfd2089ff3e,0.6824,0.812,0.0613
PHOTO_4bd8230bd9138bb5c206ccb9b9dac89ce,0.9141,0.9905,0.0375
PHOTO_3d5d9cb8c94b0d5d85e5cb9baad3dbc41,0.8529,0.8675,0.0307
PHOTO_f9cdb56897c8ba9fb39099c9df365de78,0.7708,0.5833,0.0608
PHOTO_69dcba9db9b1caace6da9df392d6cbcbe,0.4827,0.1907,0.0968
=======
PHOTO_0ba5f570b8b6daa5bd99bc91abac9dd99,0.7063,0.8407,0.0647
PHOTO_39ab1b860fb99bcb419962a974a9dacba,0.1841,0.4821,0.0517
PHOTO_994dc8a0d076bda9bdb0d13ac85c5d5dd,0.1519,0.4294,0.049
PHOTO_dabbdbca8c9bc3d8c9710aa8c9f7cbc9a,0.4231,0.5521,0.0858
PHOTO_53e5fb8adfcc8c8ba935acdca5eccbadc,0.5543,0.1713,0.0966
PHOTO_3abd1bbbca2ac3a18ddd379b9b8ba9a16,0.2539,0.457,0.0426
PHOTO_8cdcfbdaf689b13eabcde9717e0da8acf,0.4698,0.2006,0.0423
PHOTO_8cda59dd8f2bd4b8340ebb2adb10ebcf9,0.7771,0.8595,0.0367
PHOTO_9c79d5aa1d51ea9adf931bd8c0a8dad8b,0.8249,0.8826,0.0453
PHOTO_6d2a999ec1b5b3c9cc68d9cbac9b80cd9,0.1697,0.8896,0.0309
PHOTO_1dd9d7cea9d2fb34ccd9810e92185c9ab,0.7894,0.5212,0.0446
PHOTO_4db8badfbd4ac9badadb883aeaca6bad4,0.2699,0.11,0.0108
PHOTO_067d69dec19cac8db7949ad4daa5f9a9c,0.8096,0.9202,0.0756
PHOTO_3dc9a7b5ad4bbddbbe9904fcba9bc8d9f,0.8281,0.9413,0.0268
PHOTO_4ab96e9d2c90fd0c9abd0c89fce88bccd,0.9208,0.1352,0.0426
PHOTO_4dbb893fd9de91ba1cd3fab10d9ddb093,0.8715,0.1634,0.0836
PHOTO_d5b9dc09c6c0ad9d6ddfbcbf4bdc9a965,0.401,0.31,0.0387
PHOTO_ccc50baac0daa5c58aadccba29ea4db8d,0.1302,0.8748,0.0485
PHOTO_21bdbdeb1bb8033ca3cc91c96cdc67e7d,0.9226,0.3716,0.0688
PHOTO_4aafbcb970c1b93b9a1ab72b6aa7b3ca6,0.5252,0.5385,0.0775
PHOTO_3aa96ed975c89c99868dcec9fa1ac4d98,0.5243,0.3659,0.0291
PHOTO_28bc0ad8bc786c4ecac38afdac97c9807,0.99,0.9387,0.0816
PHOTO_9dd99aac4aa1ebccd89bcdbadb9b9626d,0.8152,0.6578,0.0664
PHOTO_0d94cbc4ac5cfe7dcbcc85be9badc9cfe,0.3582,0.5231,0.0543
PHOTO_9a9b3c9bd0daa4f9cc5e481cbac9cb7a1,0.6826,0.6863,0.0219
PHOTO_1094b84b4b94af91fca7ab6d9fdcb90d8,0.473,0.7311,0.096
PHOTO_29b9d5fbbccaa3a4c4b630297ca9dc5c3,0.5652,0.8356,0.0752
PHOTO_3869a36df15fadcb969644a9f34b16bcc,0.3754,0.1711,0.0684
PHOTO_8ccd997c2c3ade4bc9ba6c7acafd02533,0.2164,0.9605,0.0636
PHOTO_19ccd5054bc469c8869b423d5b9dcfad9,0.327,0.9847,0.0485
PHOTO_e8e3be9cddfdc2899d8cbd95b184fb9ca,0.4343,0.391,0.0944
PHOTO_e99e49aaa928ab6bc3cbdc50bbd8a6aca,0.9678,0.1841,0.093
PHOTO_a7b81980c9c22a4d279c149a9d3bd2890,0.1403,0.8102,0.0168
PHOTO_f5bfb319b9cbac7ab0bfbb1708492cac8,0.2614,0.2525,0.0434
PHOTO_8dd95cadb87d45d06fdacd9a9fcb98be6,0.6441,0.8542,0.0169
PHOTO_1f29b8b23bddecd4b91c38c8cabae6ea4,0.7052,0.2888,0.0451
PHOTO_54dc8c9b248bccddc29c8ceb2241e3dad,0.7641,0.8929,0.0711
PHOTO_1f9feb8ae5c99ff89a1975d5c373cbccb,0.8248,0.6251,0.0955
PHOTO_107a7dc96bb95b9769aaabfb8bbc1b8ab,0.8511,0.29,0.0398
PHOTO_cc98936a4b277b94ba1bfad1e8d599ac2,0.1788,0.7874,0.0151
PHOTO_29a72cbaf1b9cfa9ab0d8d99f96a7dab8,0.5788,0.5258,0.0298
PHOTO_08cd3b2bb7d96d3d6da7a5d0aa75c19dc,0.2733,0.1207,0.0682
PHOTO_3aabccb0dcacfb28e9dcaebaebb00df9d,0.2664,0.6666,0.0944
PHOTO_1d9cb8ad9f26c9a9ac72f7a83bde3e7cc,0.6296,0.3757,0.0879
PHOTO_2f1af2cea69bda9c49d3ac098cf9daadb,0.8385,0.4916,0.0517
PHOTO_2bdccb58bb2c98d9001469b6aa9bdb9be,0.6756,0.9406,0.097
PHOTO_b99da3a49ce9946c9a2c5dbddb8b9dd2d,0.2481,0.3494,0.0843
PHOTO_4c5dbbec7d6abb7cfaaaac2a8702aaeed,0.2686,0.8308,0.087
PHOTO_fb9bb10ec8bb9063c59da90db9dc8ca75,0.7458,0.5525,0.0502
PHOTO_409515ec8bbca03ab9a7b23ad8d9485d0,0.1369,0.7305,0.0192
PHOTO_fcb08bcc1aadaaf10cdedb80dcd1d39a4,0.9711,0.3479,0.0169
PHOTO_8573d8dabbd9352cacb8786ededa3ca78,0.788,0.916,0.0904
PHOTO_1b0b859f9469d839a02cca659cf1fbfdc,0.3066,0.2566,0.0723
PHOTO_fad9b183d9cbb9baf7da5edfaa3db6a9b,0.7695,0.8372,0.0134
PHOTO_55ff3acaad14a2e12abcc8cb8dddda59c,0.3395,0.5954,0.0309
PHOTO_2dab9bc1bc1cb79c93e8dae1955afda5d,0.6181,0.3937,0.0639
PHOTO_6add4899c2c6fbcdaa89b06a9db9bcde9,0.8426,0.2139,0.0722
PHOTO_76ba9c97d2c99b299bc886dd78d9bbfca,0.9847,0.8992,0.0763
PHOTO_52d92bd1ddd09179aad33999bb9934eab,0.4933,0.9431,0.071
PHOTO_4629b777af83abcb6c28bcaeabdfceba6,0.139,0.7108,0.0865
PHOTO_4b18ded6ecbd99da9698dcc8cad0ac2dd,0.2984,0.8087,0.0641
PHOTO_efb8fd7c6db32ab69bc68badd03a69abf,0.2891,0.112,0.0921
PHOTO_ea1d3d4efa63d5dcaa2f299a2ddc97dcc,0.1456,0.9264,0.0964
PHOTO_9bbd9abd9c6f239caaa8b54f5ad1c8219,0.1823,0.554,0.037
PHOTO_95a2bbcb9932999d698a099bda6d9b8d6,0.5376,0.4636,0.0695
PHOTO_0bd8c8c99c49b9bb884bdcd0b28d9dddf,0.6783,0.2205,0.0516
PHOTO_7a42d6bc5df898c99f10d59489c9ae7dd,0.8512,0.4513,0.068
PHOTO_1cbdd6337b1cd813ddc0ab2cdaaac0acf,0.3259,0.5317,0.0622
PHOTO_b678983ac3abdc33b1c19963bc7dfccd8,0.1186,0.2196,0.099
PHOTO_623ea3388b9d3dcbdad1c8cccdd232a2c,0.1708,0.6017,0.0145
PHOTO_f479c39b7c895e99b2bbda8bc5a9ca9a0,0.6631,0.3055,0.0271
PHOTO_bc7dc8a7a7fc259fb0282cbf3bcb95b47,0.8442,0.7342,0.0774
PHOTO_6acdd93b6c5884bfc8a6a6d297e1cfab8,0.3159,0.4091,0.0352
PHOTO_3c56856d880b4a0db86fe4dbad9dd09aa,0.6059,0.5634,0.0685
PHOTO_ccbacbf9ce8593f9ccb92b3b0c76cbaad,0.417,0.4341,0.0832
PHOTO_09fdac2692bba9b19bc88798ad7daaa96,0.2524,0.3856,0.0708
PHOTO_6cd2bdc9bb032eb396c0c2d9398bdb5ef,0.7087,0.9393,0.0145
PHOTO_4d7cb4b8cdd9da78aa8c89fab9b9ac999,0.3941,0.9002,0.0723
PHOTO_348df9c6c24abaa9c4bdadbc1dc808dba,0.3828,0.2715,0.0815
PHOTO_ac825294b5bac4ba5cd60a86d4de16885,0.2575,0.2356,0.0785
PHOTO_0d5fc18abddb8bac23e878a4ddca8b918,0.8473,0.8318,0.0961
PHOTO_86dc3b9bcc8bfcab7cc9515bc8b45bbbe,0.3149,0.5373,0.0205
PHOTO_e19d829addbbdba1a99bdb9609afbadbc,0.271,0.2099,0.0219
PHOTO_beadbcdcbbd9ad3633d791c3dadadcfad,0.2413,0.4489,0.0597
PHOTO_fbd9b8ddc0a510bae9baa69b3acdc348b,0.298,0.6798,0.0758
PHOTO_db9dd99af50de49be9fbbdb99ba29bcc5,0.714,0.4001,0.0482
PHOTO_55bd9d90c8afccfe5bfeb8afbb4bda9c1,0.66,0.997,0.0375
PHOTO_e95cac2ccace1b1baad84cf05dcba9bdb,0.1864,0.4976,0.0129
PHOTO_6477bbc86609d9aaae06c95e99f6bbcb8,0.496,0.9581,0.0824
PHOTO_2fcacc1ba76b9dd919b4dcba99c25daca,0.5455,0.3311,0.0229
PHOTO_80a6ac9bc0c0adcb5bafbcacaca1d3baa,0.5262,0.345,0.0579
PHOTO_83bd9a957069cdd12a6a8349e78aa8b9d,0.1645,0.9912,0.0989
PHOTO_9aceab9b98afdbda969bba2db8ec3adca,0.2431,0.8016,0.0327
PHOTO_cea68d8aabdae9cabcae7bcdd2a986863,0.555,0.5972,0.086
PHOTO_2b098c284cbcb998fda96bd36980bcde0,0.29,0.2717,0.0539
PHOTO_4cc885688bf49bd9a943accaf94f5aca9,0.3499,0.4086,0.0226
PHOTO_5c6998b9db9aab5ea9db66aadba4edacc,0.6127,0.7863,0.0303
PHOTO_4dc5fda3b8ca85ad98becbecac9b9daea,0.1699,0.7192,0.0573
PHOTO_ddc39e09891c1b0f6ddfd9ab958ac3bb6,0.6194,0.7562,0.069
PHOTO_f971bac9bc02fcc96afafcf0a5afbc40e,0.126,0.805,0.0794
PHOTO_88cc8e1b2da9d2bfd5959aa8b9791ddac,0.7806,0.2302,0.0618
PHOTO_f9cc5b0dadcb64a9c94ce59e9aab0ec99,0.6022,0.4122,0.0114
PHOTO_585ef9269c8d09a93c7ada3c4abdda499,0.334,0.7401,0.0272
PHOTO_0d90cdb939ddccbde8f2bb4a278b58a8c,0.3227,0.6423,0.0505
PHOTO_fcaab1371d28bd709a21f89ac4cdbc189,0.4786,0.8198,0.0841
PHOTO_d96cbababad90c45a39fddd6abcd6a09b,0.4321,0.9824,0.0905
PHOTO_d79aa9a3aaae0bb0d6c79cdc9ccf3a9ed,0.5048,0.895,0.0879
PHOTO_a99acd2d198a9960edca7cc8c7abd2af7,0.5944,0.2488,0.092
PHOTO_1ca54bada5c59e55dab8913c7bfd1c999,0.5816,0.5917,0.0226
PHOTO_5baa4d8aa8adab2a087c9d99590ca5da2,0.3427,0.6733,0.0352
PHOTO_ecaabb967bc2997c18cb29ce8bde8a169,0.3059,0.9364,0.0236
PHOTO_4bcc4c9faab7592949aad8cbcaaa49ad8,0.778,0.8351,0.0926
PHOTO_eaada9baff0bc50ccfc9990b9c9dd3a9d,0.4611,0.8631,0.0929
PHOTO_0fc8bbb8ce6b9fc90ac3aac5ac3d3c299,0.8045,0.468,0.0789
PHOTO_3c29e96dcaeb64da7bafa7bbba9dada19,0.8071,0.5712,0.041
PHOTO_e57a9cc299d8b2bca7bca58141d89b987,0.9115,0.309,0.0642
PHOTO_db8d0dca499d7d2b32c18dcceaa7adc47,0.5492,0.822,0.0837
PHOTO_c5a3fecacbb0aae9eba22d6669c7f378b,0.5835,0.865,0.094
PHOTO_0bdb98c4e4dc239cac9d7108078d5dbdb,0.1689,0.2212,0.067
PHOTO_7599bafa9cdda48dba6c88bdc953b9d38,0.91,0.7654,0.062
PHOTO_691f9cb7ebb8a8dacbb9d75bb888dbddd,0.2385,0.6223,0.0982
PHOTO_3cbba6499d29c8d99dceb8a6cb5cca4ac,0.7314,0.9775,0.0227
PHOTO_f28d2e9ca0c9bddb7bc4b1496bcc5c33a,0.8052,0.3876,0.0424
PHOTO_35d5a0a8dbdd0f4d4bd89f6b727b899ad,0.9478,0.5488,0.0366
PHOTO_b8c8b91acdebafddbea22bcba41bc8e84,0.6802,0.5149,0.0411
PHOTO_cb8c7d9a2dc8d4de8c0fbaad989eaca0c,0.4219,0.1401,0.0284
PHOTO_5baa9a99a53ab29b98d9322c7aa399f2b,0.2594,0.4516,0.0398
PHOTO_83b0b119b686dbc6c75b3bc75ba95cfca,0.8631,0.1775,0.0972
PHOTO_c9a992ddbcacdfcbaccca5bc4c88a4ac9,0.4289,0.158,0.058
PHOTO_0bdaada99c0a319f7deed5468a4d6d6d5,0.1288,0.1254,0.0353
PHOTO_2e1bd9ab48cc8f5bc9dcbd33b9db4dbaa,0.3547,0.7161,0.0485
PHOTO_e9ac6fc83d65b189afd7baabba6c9991c,0.497,0.553,0.0986
PHOTO_6add9bfc901d2abf9fccdbcc9a41a6b6d,0.2745,0.7627,0.0474
PHOTO_4f1f9e9d2b78f9396e8caaba94eb7dbaf,0.9823,0.9017,0.0179
PHOTO_7cc7b4d045bad8fb08acddddab6ddd8a7,0.8741,0.7152,0.084
PHOTO_fd95dadf59c2d6ccbac6bc6bb55d982aa,0.2875,0.1856,0.0559
PHOTO_ccdc9a62ca9859adc10fa9ffd3909c7ad,0.5836,0.7103,0.0944
PHOTO_dd09a96938a8cc82b6ba4acd1a3b5d976,0.8679,0.6894,0.0315
PHOTO_710bbcc80ab994a2be0dc54ca2a9cb3d2,0.801,0.942,0.0515
PHOTO_d87a1acbcd85bac86ba4aadbad89d19fa,0.9073,0.2358,0.0933
PHOTO_cc9f87bb99aede8a93a0c9c9ab2a8c65e,0.9943,0.8037,0.0806
PHOTO_16982b91abd5b3fbcd0dd7c9cdaa79bac,0.6994,0.6832,0.0447
PHOTO_ec89b4acbcabb99a9bb636aaa6bbad958,0.5303,0.9276,0.0768
PHOTO_aad07dba4ba955c79cddd93fbf2ba0a90,0.7636,0.3224,0.0419
PHOTO_29bdf87ab4f7bfaabccef7a5a909a9c49,0.9648,0.5596,0.0901
PHOTO_eac8ada5d999bc16bb2db9a9b95f8b599,0.901,0.1458,0.0245
PHOTO_cc4a1d0b2738ddf452b59cffb07369645,0.3146,0.8072,0.054
PHOTO_0c6d0b89ba36d0aed893d7493bf0caba9,0.9326,0.3512,0.0369
PHOTO_ec7bd81bd9b9cb72da9a952c0ca4c24bd,0.9691,0.9037,0.0601
PHOTO_2dacbcae8ea997bc9add9d5e972b021c8,0.664,0.8243,0.0505
PHOTO_9bad9b6dd3e4c4e67639eca35ad3bc0a4,0.5673,0.7137,0.0794
PHOTO_e98861fdbfca9da42c66da3b2cbcb8cca,0.8915,0.4686,0.0383
PHOTO_49b1da395a099cc4997c7297c9a60cc9f,0.5531,0.1791,0.0869
PHOTO_cbc4c9829d94df70397b93b9999baccc9,0.2523,0.5633,0.0975
PHOTO_fc59cb5cb1698aada9acc0c735fdda99b,0.6723,0.3366,0.0414
PHOTO_74ac9f35eb6b9a6d909ed990aad965cd1,0.9477,0.832,0.0415
PHOTO_ccdb99adc3befba81b9bada6baa9b1c49,0.2726,0.4258,0.0465
PHOTO_712bbdc6b07a10cc92a3fab9ce6b137ae,0.8987,0.5628,0.0536
PHOTO_20ca80aab6d98ae7a992c13d899eabdbf,0.795,0.8751,0.0911
PHOTO_19d8dcb3abd5a8bc711bd9a69b97da9ff,0.2271,0.7102,0.0926
PHOTO_8a7a8a5aa21984cbf4f3dbcb7bb5996b8,0.5876,0.5875,0.0971
PHOTO_44088a8a12bcb8dcaa937c991d8d08cb2,0.7182,0.2409,0.0449
PHOTO_2aabbb9912aaaddb5bbefa634d2d9adaa,0.2739,0.8969,0.0577
PHOTO_d8aac9cadb7c0998ec591caac6b7c330d,0.1318,0.6427,0.051
PHOTO_2ad79fec64b969aaa4b8919bb9d9dbea6,0.9594,0.4834,0.0308
PHOTO_08a2cb57b5a78d92d3fb9998dcda18cfd,0.6322,0.3807,0.0699
PHOTO_ed9498dccca8ca1ac8adccf5ddaabda88,0.4433,0.4699,0.0717
PHOTO_3159caafda2a7aaa9cdc2af085dc03bbc,0.207,0.8505,0.0485
PHOTO_98ddd4c484ddbccbada96fca994afecb2,0.4311,0.5203,0.0552
PHOTO_ca66211b1f990aad84d2dbd5a5abca741,0.313,0.3936,0.0201
PHOTO_8935bfbb5af86bb4a7c0aac91985c91e2,0.5047,0.197,0.0801
PHOTO_6209acfdd080c329bca96adb3da15fb5c,0.6505,0.3006,0.0295
PHOTO_ee908caccab9972bccb3a24acaa4904ab,0.1803,0.4572,0.0421
PHOTO_0ae93ed1b60a548fbf95899e0cb9c1ab9,0.7426,0.6193,0.0377
PHOTO_ecb20e60ca8badcb23f9a0aadb10db0bc,0.5606,0.9157,0.0264
PHOTO_6fbdf8b1ebc49be61dd3bcbaccb5de9b5,0.3504,0.7434,0.0483
PHOTO_2dc5daadadddf9039893398c8d87aaeb9,0.5619,0.6876,0.0535
PHOTO_8adcba3dd9a4cea9b9d190dead19d6ab9,0.4653,0.9354,0.0801
PHOTO_ccc3f8b389da44ecd6cdcd19a311cda8a,0.9978,0.244,0.0451
PHOTO_c3c89bc99c6a6aafb3c5b9ddbb70dc074,0.9283,0.4046,0.0686
PHOTO_d784cea8fbc65bbbcbb97b2e7e9ae999d,0.4715,0.9849,0.0936
PHOTO_2d28d6a4512b9acc1cd9ccc93ac39b1b2,0.4379,0.5899,0.041
PHOTO_2bd9f75c5c58978bcc876b9bba8c92cbe,0.5874,0.3781,0.0331
PHOTO_1c8acb3d9ca999dccd2bdc2655d9893bd,0.873,0.7366,0.0729
PHOTO_9aaaabd559ab6daa61c31fddd2cbbd1de,0.6053,0.4926,0.0377
PHOTO_081aacc58af89bcaddfd1b3a89bdd9ce7,0.9433,0.3095,0.0192
PHOTO_bdaa99dd5ca9bda7adbddde5dacb3cd9c,0.7918,0.7852,0.0847
PHOTO_e8ebdc1caca9809c8ca92abb0d8daabbd,0.897,0.3234,0.0792
PHOTO_9b08b21abb6c73ca8bc9a299b1cba5aba,0.386,0.4161,0.076
PHOTO_fadd1d0f8ad29abba8bdbcbc02319cb99,0.1029,0.364,0.081
PHOTO_0b350c08d66dd6b9adf9b0ba5b2ada834,0.4348,0.8433,0.0313
PHOTO_a28ad6ac21cc9e5dd44d22dacac8a55d9,0.8471,0.1418,0.0335
PHOTO_aa5911fdc3cfd84cb9d899bdb5a6971c9,0.476,0.3887,0.0823
PHOTO_489e98dc7bcdcbca99c0bddcac93b7c89,0.2574,0.6169,0.0671
PHOTO_7d7c7b82bdcb1db9dbdcbfac19ddca49d,0.6012,0.3921,0.0641
PHOTO_57bdcbeba69d9ae7999bbdccc4aa89bd9,0.1365,0.1186,0.0724
PHOTO_ebbcf53ca9d8182a9c1c9b8ca9a4d41da,0.8698,0.6838,0.0939
PHOTO_05a1f992c3c9b7bda745dac3abecc13bb,0.3465,0.5772,0.0903
PHOTO_3db89ccaa480fdaaa96808bc8dfd53ea5,0.6006,0.7118,0.0869
PHOTO_dc8baa98bfb9ddb6d9cdc7aaaa6d7c008,0.54,0.2512,0.0687
PHOTO_5c9c6cd1bcc309bbc9aa9a795dd99dbc1,0.8818,0.5911,0.0684
PHOTO_cc95dcaa2d2d53ac9d52df9c24dcabb58,0.8295,0.6575,0.0593
PHOTO_2d3a63cbf4a36a9f997094da1384b0a5c,0.654,0.8981,0.0498
PHOTO_9c5fea692da55d9d5909b7eca679bdc6e,0.7872,0.8525,0.0306
PHOTO_b8daecd8e8eb41baafddcbdd28bc9fb3c,0.6943,0.5797,0.0283
PHOTO_ccdd948a499be696391a2aadfdcb16abd,0.5469,0.9582,0.0493
PHOTO_99bcc96cea979d29abaa2df48791ab89b,0.9254,0.6347,0.0544
PHOTO_7b248809bdfc99bb9fbfaa0924bb9dbaf,0.4486,0.2402,0.0637
PHOTO_07e7c1cfc09fc94bb8863b81cd19ac4ec,0.1768,0.9319,0.0781
PHOTO_9dbc0bdad0d4ef8879ccc8ccbbea7b91a,0.2521,0.2004,0.0423
PHOTO_7baccfc2bd9d2badbab83c9dabd8b594b,0.8649,0.7017,0.0987
PHOTO_56aac6c9caaabc7baccfa9b4789d1eacd,0.5642,0.5637,0.0408
PHOTO_d29bedadb481b2c3bd9b8dadaadb9b03b,0.8393,0.6716,0.0957
PHOTO_6d0d99cc19acac0cabd854d988290dadd,0.4969,0.8958,0.0829
PHOTO_05dcad88db938bd4bc90864b09ac3cfaa,0.8373,0.9119,0.0411
PHOTO_2cac28ccfd1ac1bb187ddf9380f9e3a3b,0.2979,0.9661,0.0572
PHOTO_2a759c1d09daad2c7e0abab6ccaba29b0,0.6808,0.4485,0.0297
PHOTO_e8abc2badcc8d567dfee87ca9f18b0afc,0.24,0.647,0.0248
PHOTO_bcdd87286bfbc69b9aa99ce8da16ac287,0.4311,0.3251,0.0759
PHOTO_dfb2dbbc1b1dbe700fc6f8cc80ad9b2dc,0.2026,0.4309,0.0149
PHOTO_2fc5ca4abaab7edcc3b2bad92ccadcaa9,0.4072,0.7929,0.0394
PHOTO_10d1d438b19b6cfbdcd1aacae9dbcc9a6,0.6567,0.3067,0.0663
PHOTO_bbdc9bc0be9c49ccb9ad64a9d85cf9d89,0.9104,0.9003,0.0937
PHOTO_1ec8b36cd40c9dc26acca75c836b356ab,0.2376,0.9476,0.0885
PHOTO_2d079b9cad9d9b3d7bb3de0ca3c48fcec,0.3298,0.2223,0.0748
PHOTO_fbcbd992adcdcd8d9a5dc4ca82cac9d29,0.885,0.1408,0.0267
PHOTO_c094a0d7dacd0aba9d3c4f2dddcdaaf47,0.4653,0.578,0.016
PHOTO_39cc7c1bdbc7b99c68ea9cbd995fd46a9,0.9475,0.196,0.0628
PHOTO_acac6adc9075daa6abcb43bdda9ecc84a,0.2735,0.9242,0.0205
PHOTO_f02d8cf0e1c6bdbcbc959cc2daddbbbe9,0.4302,0.7318,0.0176
PHOTO_b6dcb9d89ff48a68d68966a7a89cd5dc5,0.6211,0.6503,0.0189
>>>>>>> 6664bbd38acaa1fea173beb6ccee6aa3b56ff22f
